# T0 = 25.2°C
# V → V0 - V
V;p
50;104.0
51;105.7
52;107.6
53;109.7
54;112.0
55;114.6
56;116.8
57;119.4
58;121.8
59;124.8
60;127.8
61;130.5
62;134.0
63;137.3
64;140.8
65;144.5
66;148.6
67;152.4
68;157.0
69;162.0
70;165.8
49;101.7 # T = 25.5°C
48;99.8
47;98.2
46;96.3
45;94.9
44;93.2
43;91.7
42;90.2
41;88.9
40;87.4
39;86.1
38;84.8 # T = 25.17°C
37;83.3
36;82.3
35;81.1
34;79.8
33;78.9
32;77.8
31;76.7
30;75.8
29;74.8
28;73.7
27;72.9
26;71.7
25;71.0
24;70.3
23;69.3
22;68.5
21;67.5
20;67.0 # T = 25.04
19;66.5
18;65.4
17;64.8
16;64.1
15;63.3
14;62.4
13;62.0
12;61.3
11;60.6
10;60.0
9;59.2
8;58.6
7;58.0
6;57.5
5;57.0
4;56.6
3;56.0
2;55.4
# T = 25.7
70;168.0
71;174.2
72;180.0
73;186.3
74;193.9
75;200.1
76;208.0 # T = 25.9
77;216.3
78;228.3
79;
80;