190 23.0
195 25.9
200 28.9
205 33.6
210 35.7
215 38.1
220 40.1
225 41.3
230 42.1
235 42.2
240 41.7
245 40.6
250 38.8
255 36.0
260 34.2
265 30.9
270 27.7
275 24.1
280 20.9
285 17.5
290 13.6
295 10.8
300 7.8
305 5.6
310 3.9
315 2.6
320 1.9
325 1.8
330 2.35
335 3.4
340 4.9
345 6.85
350 9.4
355 12.3
0 15.1
5 18.7
10 21.9
15 24.9
20 28.1
25 31.0
30 33.4
35 35.5
40 37.1
45 38.2
50 38.8
55 39.3
60 38.3
65 37.8
70 37.1
75 34.4
80 32.4
85 29.5
90 26.4
95 22.5
100 19.0
105 15.3
110 12.2
115 9.3
120 6.95
125 4.8
130 3.2
135 2.3
140 1.8
145 1.85
150 2.5
155 3.6
160 5.4
165 7.6
170 9.9
175 12.3
180 15.4
185 18.8
190 23.2