# Данные
195 25
200 16
205 10
210 5.3
215 1.7
220 0.45
225 0.6
230 2.7
235 6.5
240 12.3
245 19.1
250 27.45
255 36.1
260 47.2
265 57.8
270 68.8
275 79.2
280 89.5
285 97.4
290 105.9
295 112.3
300 117.5
305 121.1
310 123
315 122
320 120.2
325 116
330 110.8
335 103.1
340 91.6
345 83.4
350 73.6
355 62.5
0 53.3
5 43.1
10 33.2
15 23.1
20 15.9
25 8.85
30 4.2
35 1.26
40 0.23
45 1.1
50 3.6
55 8.6
60 14.1
65 21.8
70 29.8
75 39.2
80 49.6
85 61.4
90 73.1
95 84.7
100 94.2
105 104.2
110 112.6
115 119.5
120 123.8
125 126.1
130 127.2
135 125.5
140 122.1
145 117.2
150 110.3
155 102.1
160 94
165 84.2