n;time;W
# W = 7→6.8 Вт
0;6;7
0;12;7
0;19;7
0;26;7
0;34;7
0;41;7
0;48;7
0;56;7
0;1:04;7
0;1:12;7
0;1:20;7

# 1.5, 10.4 V;
1;7;15.6
1;14;15.6
1;21;15.6
1;28;15.6
1;35;15.6
1;42;15.6
1;49;15.6
1;55;15.6
1;1:02;15.6 # → 10.5
1;1:08;15.6
1;1:15;15.6
1;1:21;15.6
1;1:28;15.6
1;1:34;15.6
1;1:41;15.6
1;1:47;15.6
1;1:54;15.6 # 170
1;2:01;15.6
1;2:06;15.6
1;2:12;15.6
1;2:19;15.6

# 2A; 14.5→14.9V
2;04;29.4
2;8;29.4
2;12;29.4
2;16;29.4
2;20;29.4
2;24;29.4
2;28;29.4
2;33;29.4
2;36;29.4
2;40;29.4
2;44;29.4
2;49;29.4
2;53;29.4
2;57;29.4
2;1:00;29.4
2;1:05;29.4
2;1:08;29.4
2;1:12;29.4
2;1:16;29.4
2;1:20;29.4
2;1:24;29.4
2;1:29;29.4
2;1:32;29.4
2;1:36;29.4
2;1:41;29.4
2;1:44;29.4
2;1:48;29.4
2;1:52;29.4
2;1:56;29.4
2;2:00;29.4
2;2:04;29.4
2;2:08;29.4
2;2:12;29.4
2;2:16;29.4
2;2:20;29.4
2;2:24;29.4
2;2:28;29.4
2;2:32;29.4
2;2:36;29.4
2;2:39;29.4
2;2:43;29.4
2;2:46;29.4
2;2:51;29.4
2;2:55;29.4
2;2:59;29.4
2;3:03;29.4
2;3:07;29.4
2;3:11;29.4 # 15.3

# 1 7.6
3;4;7.5
3;7;7.5
3;12;7.5
3;16;7.5
3;20;7.5
3;24;7.5
3;29;7.5
3;34;7.5
3;38;7.5 # 7.4
3;42;7.5
3;47;7.5
3;52;7.5
3;56;7.5
3;1:01;7.5
3;1:05;7.5
3;1:10;7.5
3;1:16;7.5
3;1:20;7.5
3;1:26;7.5
3;1:30;7.5
3;1:36;7.5
3;1:41;7.5
3;1:46;7.5
3;1:51;7.5
3;1:56;7.5
3;2:02;7.5
3;2:07;7.5
3;2:11;7.5
3;2:18;7.5
3;2:23;7.5
3;2:29;7.5
3;2:34;7.5
3;2:40;7.5
3;2:46;7.5
3;2:52;7.5
3;2:57;7.5
3;3:04;7.5 # 1/2
3;3:08;7.5
3;3:14;7.5
3;3:19;7.5
3;3:24;7.5
3;3:32;7.5
3;3:38;7.5
3;3:44;7.5
3;3:51;7.5
3;3:56;7.5
# 7.2


#
4;6;0
4;13;0
4;21;0
4;28;0
4;36;0
4;44;0
4;52;0
4;1:01;0
4;1:10;0
4;1:20;0
4;1:30;0
4;1:40;0
4;1:52;0
4;2:03;0
4;2:17;0
4;2:31;0
4;2:50;0

# 170/2 ОБОРОТОВ