ν, kHz;U, mV

3600;22.1
3650;24.5
3700;27.4
3750;31.0
3800;35.3
3850;40.85
3900;48.1
3950;57.9
4000;72.1
4050;94.0
4100;131.6
4110;142.3
4120;154.7
4130;168.9
4140;185.4
4150;204.5
4160;226.2
4170;250.7
4180;277.1
4190;303.4
4200;325.8
4210;339.6
4216;340.55
4220;338.7#высокая погрешность! ±2mV
4230;326.5
4240;309.5
4250;285
4260;259.8
4270;236.0
4280;214.7
4290;196.0
4300;179.8
3220;153.4
4340;133.4
4360;117.85
4380;105.5
4400;95.55
4450;77.5
4500;65.4
4550;56.7
4600;53
4650;45.3
4700;41.3
4800;35.4
4900;31.2
5000;28.0
5100;25.6
5200;23.7
5300;22.1


