# W = 7→6.8 Вт
6
12
19
26
34
##
48
56
1:04
1:12
1:20

# 1.5, 10.4 V;
7
14
21
28
35
42
49
55
1:02 # → 10.5
1:08
1:15
1:21
1:28
1:34
1:41
1:47
1:54 # 170
2:01
2:06
2:12
2:19

# 2A; 14.5→14.9V
04
8
12
16
20
24
28
33
36
40
44
49
53
57
100
05
08
12
16
20
24
29
32
36
41
44
48
52
#
200
204
08
12
16
20
24
#
32
36
39
43
46
51
55
59
03
07
11# 15.3

# 1 7.6
4
7
12
16
20
24
29
34
38# 7.4
42
47
52
56
01
05
10
16
20
26
30
36
41
46
51
56
02
#
11
18
23
29
34
40
46
52
57
04# 1/2
8
14
19
#
32
38
44
51
56
# 7.2


#
6
13
21
28
36
44
52
01
10
20
30
40
52
03
17
31
50

# 170/2 ОБОРОТОВ